,Id,SalePrice
0,1461,115718.55968817274
1,1462,166058.0758373126
2,1463,189170.84634318273
3,1464,203028.73039822272
4,1465,202333.85281181024
5,1466,173403.3965155366
6,1467,182724.97753717317
7,1468,159888.58401178633
8,1469,208458.26682926202
9,1470,120869.87751078089
10,1471,186677.642951251
11,1472,95690.50401578686
12,1473,87522.09443545691
13,1474,146203.05178453232
14,1475,108241.79904475485
15,1476,352480.3437640606
16,1477,248294.37448253727
17,1478,294748.9785287592
18,1479,302887.147028506
19,1480,421079.2559660997
20,1481,306200.0591693719
21,1482,210054.41629279777
22,1483,172688.51187035645
23,1484,159494.54450033937
24,1485,181947.73336158344
25,1486,196202.17321381925
26,1487,313945.73277616594
27,1488,230021.54193083473
28,1489,201405.38836712786
29,1490,251962.1660742003
30,1491,191075.8971406637
31,1492,87215.86893619306
32,1493,193425.59244444143
33,1494,265053.7671252667
34,1495,275189.1292614433
35,1496,245430.45282168518
36,1497,181589.1959020408
37,1498,166948.8516388323
38,1499,168144.29042337625
39,1500,160811.5073971809
40,1501,175519.11636294748
41,1502,150615.424193407
42,1503,297179.86514467344
43,1504,243185.372576119
44,1505,229224.9214129797
45,1506,197902.34758429334
46,1507,257244.68611789614
47,1508,203758.6450409009
48,1509,162573.69052103485
49,1510,150030.3225600989
50,1511,146285.31025225692
51,1512,177452.20010026312
52,1513,149564.90273122286
53,1514,152724.95930313796
54,1515,207229.95061893566
55,1516,159077.79567244364
56,1517,178468.47441213432
57,1518,121475.57401290996
58,1519,214311.8816811044
59,1520,129298.50393812633
60,1521,138413.0155402638
61,1522,184153.26422386663
62,1523,109721.6955296903
63,1524,121517.35934390318
64,1525,119502.77141864297
65,1526,99329.02857372904
66,1527,103797.80427912722
67,1528,142358.42298180226
68,1529,153577.1396548707
69,1530,201024.58585577784
70,1531,106638.09459670096
71,1532,97359.5391661297
72,1533,147903.96206312632
73,1534,124815.7962423484
74,1535,157274.17484083216
75,1536,104147.830822461
76,1537,48520.21963652053
77,1538,156478.64122995583
78,1539,196812.59121086024
79,1540,115214.58154787027
80,1541,137012.30912610996
81,1542,145515.83075916092
82,1543,188656.9046057358
83,1544,78929.1515290886
84,1545,120784.70812426071
85,1546,134841.99910404294
86,1547,124605.98334415388
87,1548,143955.07853989195
88,1549,126371.21251817126
89,1550,136682.1900123407
90,1551,113003.43195726188
91,1552,149170.40227886173
92,1553,149804.9044449162
93,1554,117781.33044224863
94,1555,166870.26529324547
95,1556,79567.3641299672
96,1557,110980.47928745032
97,1558,101801.28578118922
98,1559,91753.28373717803
99,1560,130666.66343589842
100,1561,139445.92321027973
101,1562,126694.9024520103
102,1563,130985.26054974737
103,1564,169815.1105813699
104,1565,151490.70671459418
105,1566,243398.98893188086
106,1567,68776.84391256118
107,1568,225694.77832273577
108,1569,123839.98545112081
109,1570,140935.28499999235
110,1571,103982.64902310204
111,1572,147843.30814179181
112,1573,242074.25220818556
113,1574,135417.69410974058
114,1575,240293.5732020247
115,1576,248664.30076073125
116,1577,186189.5181846412
117,1578,144624.2939368937
118,1579,144067.13772310351
119,1580,193285.87137138026
120,1581,163670.40111334046
121,1582,125492.71101979502
122,1583,278757.7798706483
123,1584,219243.2761328756
124,1585,138045.8403071391
125,1586,45652.06711131818
126,1587,95713.42972516219
127,1588,168547.6074503851
128,1589,104959.81883162117
129,1590,131714.08109970856
130,1591,87649.7050776847
131,1592,124461.67640062247
132,1593,124667.75129119983
133,1594,140205.8150639804
134,1595,122741.20644627907
135,1596,229692.0054735272
136,1597,198454.06431277096
137,1598,222428.51447937844
138,1599,178842.90571379443
139,1600,158665.19088426064
140,1601,50943.583026818116
141,1602,120155.45291752239
142,1603,73405.45589727133
143,1604,276490.51022237894
144,1605,230586.6539470746
145,1606,162091.73488242604
146,1607,171534.08362565277
147,1608,208564.19016866537
148,1609,185717.4535559152
149,1610,149954.89782661278
150,1611,137205.6113322596
151,1612,183918.93505602126
152,1613,165420.50566126048
153,1614,143235.8682890054
154,1615,105496.37625709393
155,1616,75463.06976850977
156,1617,88963.96948096238
157,1618,117326.74980553574
158,1619,138802.45281134592
159,1620,167493.6683163586
160,1621,134810.72561649483
161,1622,137279.73860422702
162,1623,252298.03304007693
163,1624,216711.96286620657
164,1625,123486.21902180673
165,1626,171947.14067642926
166,1627,193048.11669229993
167,1628,277110.8777518199
168,1629,181664.25694534328
169,1630,361585.770836573
170,1631,236968.3268907633
171,1632,253747.3010711362
172,1633,173623.9738890906
173,1634,187850.55951451394
174,1635,175970.7218026807
175,1636,150714.73203728284
176,1637,203214.06321214238
177,1638,188930.8852899426
178,1639,191784.9942144687
179,1640,253780.12390437824
180,1641,181661.0050015819
181,1642,250949.73913029814
182,1643,212485.0871116568
183,1644,232006.2613624489
184,1645,201966.29024718326
185,1646,157972.7672201636
186,1647,162776.52672006798
187,1648,129019.97972921804
188,1649,133354.3630066383
189,1650,116454.19069852133
190,1651,121572.7128653026
191,1652,93045.56249891619
192,1653,96095.49075549303
193,1654,143307.2420482519
194,1655,131246.4780960905
195,1656,137159.96992546023
196,1657,143309.33272066864
197,1658,138901.6482435769
198,1659,116843.72576552977
199,1660,153785.9001992332
200,1661,390326.35512276157
201,1662,382312.12882720336
202,1663,359541.4250241481
203,1664,437485.312455095
204,1665,314476.2859346501
205,1666,325262.4226609449
206,1667,368058.4147564808
207,1668,335202.2672164916
208,1669,312900.7814612791
209,1670,336496.6513942277
210,1671,256765.8222121589
211,1672,382555.80063509603
212,1673,276141.3447091258
213,1674,240972.0326245854
214,1675,198133.67940104555
215,1676,207663.30172666686
216,1677,216317.6524639665
217,1678,427367.64672046877
218,1679,365178.3647186591
219,1680,330362.9266375562
220,1681,261004.3483910594
221,1682,314461.76376101526
222,1683,190902.67545900762
223,1684,166229.97544176364
224,1685,168036.05844736227
225,1686,164101.03444709233
226,1687,164234.43482669027
227,1688,189487.0551559978
228,1689,190683.6673627155
229,1690,193099.77402479033
230,1691,183131.0499108955
231,1692,266596.56308107753
232,1693,163296.3005015094
233,1694,185365.39546585732
234,1695,162534.32336986365
235,1696,255872.0265434229
236,1697,167540.34164894265
237,1698,320758.3529223418
238,1699,275236.3749503117
239,1700,255893.8523074806
240,1701,268006.0277114033
241,1702,231811.16166538247
242,1703,221356.47418262507
243,1704,264839.5214809787
244,1705,251260.31167854517
245,1706,400643.3289130004
246,1707,232176.0158970627
247,1708,200085.60299240367
248,1709,247944.6069950159
249,1710,224228.72196207565
250,1711,275078.120983172
251,1712,249255.37746416015
252,1713,273261.538160198
253,1714,224068.54678317503
254,1715,209385.28117597464
255,1716,180195.8576222906
256,1717,176172.10950072756
257,1718,145671.79866843502
258,1719,215979.9703979982
259,1720,233438.00661742126
260,1721,157062.7097775914
261,1722,122372.7797368646
262,1723,153154.2827422818
263,1724,210291.15254776017
264,1725,235858.63928683827
265,1726,189105.4924176511
266,1727,143628.22952136496
267,1728,163450.1210124161
268,1729,168612.9808021619
269,1730,170712.839678744
270,1731,117818.51983244492
271,1732,141405.98634413598
272,1733,119163.76004427313
273,1734,115423.77067574879
274,1735,113864.34861904806
275,1736,99936.050104018
276,1737,290759.72078943753
277,1738,245694.28433107946
278,1739,265569.4471923687
279,1740,217112.788376068
280,1741,194634.3456262786
281,1742,175445.12917474628
282,1743,178525.4916385039
283,1744,311852.5703505005
284,1745,221033.7093413219
285,1746,200435.67187854368
286,1747,224987.03227017107
287,1748,220314.18140895703
288,1749,147387.2862095922
289,1750,130335.52984060651
290,1751,244764.38089969163
291,1752,110937.01483582055
292,1753,155519.41315240352
293,1754,198861.7399802365
294,1755,164808.84392092418
295,1756,126110.91249991345
296,1757,117388.73582652704
297,1758,148750.3636086391
298,1759,167739.9714556308
299,1760,159543.3387653322
300,1761,157258.45409559293
301,1762,188549.65233002737
302,1763,185453.9280318256
303,1764,108950.5969337257
304,1765,184717.0517545712
305,1766,194257.67976537402
306,1767,224151.1345212731
307,1768,141906.84847274894
308,1769,172049.29203998446
309,1770,147248.30726924655
310,1771,129898.29907827452
311,1772,136940.852648183
312,1773,121577.77701450745
313,1774,144998.5303458282
314,1775,140612.59884967864
315,1776,129972.99588596872
316,1777,105079.0800404009
317,1778,141914.02094621962
318,1779,119786.82870839798
319,1780,170699.34017424658
320,1781,126616.94427628473
321,1782,80099.2614216406
322,1783,140720.61103006397
323,1784,91545.40927338108
324,1785,133814.3121061746
325,1786,106994.61347914825
326,1787,157191.15369534085
327,1788,36974.151901955556
328,1789,101154.78826553014
329,1790,59204.83379028183
330,1791,198142.71184593363
331,1792,162165.6510042746
332,1793,129916.48403337914
333,1794,159930.3570710598
334,1795,137407.3085316195
335,1796,124914.0443399454
336,1797,125725.68418121585
337,1798,121235.34070204652
338,1799,109695.54682580696
339,1800,126461.54315387299
340,1801,126506.45079096097
341,1802,124090.36804533814
342,1803,156021.92010472622
343,1804,139027.0275492491
344,1805,136148.16091224126
345,1806,130167.14410080048
346,1807,146150.1262097922
347,1808,118338.00082232522
348,1809,122633.8711209015
349,1810,138572.80729735334
350,1811,80529.20912384291
351,1812,111207.36715300483
352,1813,122909.24926868084
353,1814,84697.64405545517
354,1815,45934.28434312879
355,1816,87466.86073360211
356,1817,104217.31835180095
357,1818,168198.71443403844
358,1819,138831.27602511435
359,1820,55128.05321306657
360,1821,95839.93208862827
361,1822,146473.52645118142
362,1823,32946.78351054706
363,1824,144140.75821015087
364,1825,133431.60746034438
365,1826,92170.58588788738
366,1827,95591.92073878739
367,1828,140269.16190698065
368,1829,135799.22940876492
369,1830,149758.7207657865
370,1831,151525.79278435447
371,1832,92055.67122865132
372,1833,151555.03967050923
373,1834,111813.30252701903
374,1835,129503.79463990271
375,1836,143991.17839847508
376,1837,75961.24125531803
377,1838,116418.82826530299
378,1839,97675.81709794252
379,1840,153471.93140771508
380,1841,142779.88059470276
381,1842,84368.31201875734
382,1843,139185.1175625351
383,1844,148592.39485044326
384,1845,137605.4590842174
385,1846,146433.78881152233
386,1847,165174.9141383922
387,1848,34583.182512735366
388,1849,119842.75367232237
389,1850,118711.72342018285
390,1851,158425.26006856593
391,1852,125868.08160260462
392,1853,118236.91236780398
393,1854,158722.15700338967
394,1855,143459.54039605183
395,1856,225560.9856175118
396,1857,143577.69740291542
397,1858,148328.18952671703
398,1859,108782.95428971961
399,1860,142517.75267128093
400,1861,108330.3073896392
401,1862,307260.2516678183
402,1863,295887.5499969255
403,1864,295914.85502723826
404,1865,348398.45496342814
405,1866,331933.7065453022
406,1867,217447.67067049342
407,1868,292460.33398012485
408,1869,206288.6962994469
409,1870,221349.81227622472
410,1871,265407.9711576162
411,1872,167371.64382946605
412,1873,231958.91143662564
413,1874,149207.6979357077
414,1875,199836.1018783417
415,1876,206792.32089007887
416,1877,213390.8998043292
417,1878,200792.5105343543
418,1879,139858.46463151986
419,1880,137804.25758505386
420,1881,246899.65128738308
421,1882,240150.6979511852
422,1883,187406.0381657136
423,1884,205918.52075818693
424,1885,238674.198823401
425,1886,292009.1154916869
426,1887,209929.7817367375
427,1888,250367.5252418958
428,1889,169337.59781906573
429,1890,123258.4451560737
430,1891,137085.50055769278
431,1892,87394.9215653204
432,1893,132861.71932814788
433,1894,120922.54115528354
434,1895,140632.02535251575
435,1896,131345.20447301824
436,1897,116052.61137888144
437,1898,113879.06998322971
438,1899,163507.82025661686
439,1900,163201.5266193505
440,1901,178473.1450311858
441,1902,178631.48279456276
442,1903,221317.69504442177
443,1904,153120.9255986993
444,1905,207987.13969611638
445,1906,169940.53617012908
446,1907,228270.93901057707
447,1908,117397.90458160674
448,1909,136511.0842932377
449,1910,125413.46903093086
450,1911,233361.7537277161
451,1912,320684.6639741876
452,1913,153081.07750294585
453,1914,67675.70603858607
454,1915,323317.8191372475
455,1916,51134.45818429656
456,1917,238793.03826747148
457,1918,135164.57984427857
458,1919,176156.4637518452
459,1920,163373.15803907855
460,1921,364579.058236647
461,1922,318125.1304273042
462,1923,237842.46867608154
463,1924,217539.74136330312
464,1925,203091.29111800756
465,1926,362536.1758503081
466,1927,126611.1113551003
467,1928,156832.2606010201
468,1929,121081.78705361586
469,1930,122705.99120081752
470,1931,137023.81194618187
471,1932,135444.98490134266
472,1933,189856.42108258267
473,1934,183261.1195027565
474,1935,173478.7769997592
475,1936,206793.01563650044
476,1937,181183.49924298108
477,1938,170609.685917041
478,1939,267393.68054698117
479,1940,198865.40195670072
480,1941,167668.298471434
481,1942,179197.96232242195
482,1943,226399.34716910572
483,1944,365148.2710408109
484,1945,382922.10089468263
485,1946,153825.76695547698
486,1947,327628.0177394006
487,1948,181978.4944178689
488,1949,246851.93019104097
489,1950,188771.5123347331
490,1951,251457.82123520895
491,1952,216173.28683808193
492,1953,160029.65602611873
493,1954,185155.5506685938
494,1955,135746.12330687174
495,1956,286097.6384394885
496,1957,160011.6575967117
497,1958,273915.2460657611
498,1959,143837.3890183661
499,1960,108957.92944875956
500,1961,115906.28171225773
501,1962,93878.70101641359
502,1963,110024.56192319824
503,1964,100654.91663050585
504,1965,133227.30270441523
505,1966,136578.8290534516
506,1967,302936.33586201095
507,1968,389901.1275200676
508,1969,367727.75383637514
509,1970,394469.0443448788
510,1971,415221.1238732486
511,1972,360529.55398316757
512,1973,270291.65305598924
513,1974,339901.9942906628
514,1975,438736.97470931686
515,1976,263967.8476624769
516,1977,334799.48697044025
517,1978,340006.3505482131
518,1979,303743.4074104235
519,1980,200885.2439191292
520,1981,336543.73470154766
521,1982,213512.19684322758
522,1983,200976.92733796244
523,1984,185025.42761859167
524,1985,220335.23315781448
525,1986,205928.63219737346
526,1987,197543.9725300143
527,1988,168551.97748387692
528,1989,193592.72942901484
529,1990,207130.8770588655
530,1991,232768.67320595097
531,1992,215776.7280633879
532,1993,161424.0590997257
533,1994,240379.32912348097
534,1995,187522.47849542013
535,1996,238770.97451960886
536,1997,310580.9225780692
537,1998,294741.1686043796
538,1999,281945.3773413653
539,2000,287714.1091451928
540,2001,256242.4879768131
541,2002,248614.2242363963
542,2003,244743.71164339717
543,2004,274422.3574922214
544,2005,235386.41844863186
545,2006,226505.17393127174
546,2007,234582.2014473762
547,2008,229507.78859799274
548,2009,195590.6556312132
549,2010,192156.96974209708
550,2011,147477.96409590464
551,2012,166249.16910952897
552,2013,181987.51340936782
553,2014,189839.60793206317
554,2015,209295.5378468049
555,2016,193922.6475743123
556,2017,196276.6840462249
557,2018,104357.53527922311
558,2019,130989.95211931028
559,2020,85313.94642785622
560,2021,97707.15860235933
561,2022,189965.4352771076
562,2023,143685.36113835435
563,2024,272242.45645551564
564,2025,318471.52422856883
565,2026,177058.30960429853
566,2027,161000.2812913382
567,2028,158088.38587221794
568,2029,175584.2563235231
569,2030,258428.4573932334
570,2031,243839.89936461733
571,2032,264486.6671271544
572,2033,250923.159902713
573,2034,173069.17160782404
574,2035,223587.4514124152
575,2036,199392.00256841897
576,2037,203230.8200118205
577,2038,297010.5582627888
578,2039,212910.04479682783
579,2040,288518.70436124166
580,2041,279832.4579516163
581,2042,209901.82165832847
582,2043,172501.86516221034
583,2044,178714.52436299948
584,2045,206785.33307820922
585,2046,135003.51298716164
586,2047,144472.4129385141
587,2048,137075.36723567883
588,2049,136612.4846488834
589,2050,174665.06602907373
590,2051,101715.52373338028
591,2052,117039.99547331082
592,2053,145111.31415889174
593,2054,76957.06969775823
594,2055,157786.43922630712
595,2056,140764.44784594746
596,2057,108413.39086020587
597,2058,208476.0919323396
598,2059,132073.98355613957
599,2060,173933.91273617477
600,2061,187099.10686508063
601,2062,128491.86710751028
602,2063,114831.62479935937
603,2064,139199.9388073797
604,2065,123983.19399910982
605,2066,172100.83753263595
606,2067,123822.90371936801
607,2068,145279.6501194695
608,2069,95326.52634350059
609,2070,112595.10876699477
610,2071,87412.5632639871
611,2072,151594.38450527776
612,2073,129871.82712059717
613,2074,187206.64150217848
614,2075,165479.44880988338
615,2076,121015.72184495986
616,2077,154391.5300040191
617,2078,125329.4964992445
618,2079,135726.1386886186
619,2080,112902.4506887313
620,2081,129999.71873813396
621,2082,128831.00004087701
622,2083,156591.50765818538
623,2084,103814.11720984231
624,2085,105186.13159664598
625,2086,124057.27132765314
626,2087,121443.91648849595
627,2088,106812.3311145801
628,2089,67847.97249310589
629,2090,120360.09855648036
630,2091,90675.94208508055
631,2092,127020.30875040348
632,2093,146141.2439441043
633,2094,112772.04490060649
634,2095,136300.77253740307
635,2096,79181.51127363398
636,2097,99394.0111790521
637,2098,163345.43988063623
638,2099,33765.18624468007
639,2100,68253.21309198
640,2101,104123.59126947157
641,2102,133550.44705339754
642,2103,93632.68528119563
643,2104,147928.37299345035
644,2105,136425.12403828057
645,2106,39075.720895846986
646,2107,204176.2844866161
647,2108,117084.19873846859
648,2109,108639.72991563892
649,2110,130175.6263671741
650,2111,139097.54264972077
651,2112,143077.7277027947
652,2113,113027.1674163538
653,2114,112784.11301953877
654,2115,162685.41757928254
655,2116,109888.8460423909
656,2117,155860.3538290183
657,2118,119009.45361915069
658,2119,108291.0514917316
659,2120,107360.22389568435
660,2121,97763.13869516377
661,2122,117561.4567406073
662,2123,77016.36552988047
663,2124,165931.9219646007
664,2125,138463.03115871182
665,2126,151043.89094389268
666,2127,178667.6772035435
667,2128,143641.36617733992
668,2129,90238.19154891306
669,2130,144179.2847486512
670,2131,116256.20751938592
671,2132,117071.86152544523
672,2133,126336.87759764073
673,2134,114101.8159681812
674,2135,85894.05537790667
675,2136,54876.270980722715
676,2137,103256.91890923187
677,2138,119254.2922496116
678,2139,147760.4324397043
679,2140,140434.52032827435
680,2141,168590.4381058637
681,2142,126219.11594296638
682,2143,140115.83581180125
683,2144,115945.85878489909
684,2145,139458.72612684895
685,2146,192134.10001233706
686,2147,126227.39940819028
687,2148,136320.7849699941
688,2149,146848.25664131867
689,2150,231829.6754964575
690,2151,128282.2086075024
691,2152,185557.39665276228
692,2153,174851.57617134438
693,2154,114426.90886214482
694,2155,149112.95895754616
695,2156,262040.3811707142
696,2157,229450.30914538004
697,2158,236189.12276857058
698,2159,204094.56609497356
699,2160,188516.71568353288
700,2161,226971.81423512398
701,2162,355687.8245652141
702,2163,331062.8940673998
703,2164,235537.80254324878
704,2165,197335.65685653733
705,2166,163906.1353006255
706,2167,230277.37444959523
707,2168,196899.91618817236
708,2169,198743.77202721877
709,2170,219915.09562565095
710,2171,161297.605040077
711,2172,135457.0361852838
712,2173,168047.42666503886
713,2174,221916.16194070646
714,2175,273178.8903435689
715,2176,304426.01736521954
716,2177,236853.91746583447
717,2178,206376.92375602355
718,2179,138272.19443111407
719,2180,230297.96065036405
720,2181,196462.36751210428
721,2182,220747.53090143675
722,2183,190089.81448062742
723,2184,121898.75208303744
724,2185,128240.15373100716
725,2186,155004.4064952894
726,2187,153123.84231219033
727,2188,155811.64984616326
728,2189,325317.5202207634
729,2190,67086.38644876168
730,2191,74213.74250265364
731,2192,78464.90592873412
732,2193,120622.796479293
733,2194,99017.11808245315
734,2195,108920.88733800093
735,2196,107471.47245064672
736,2197,112618.4495244701
737,2198,158161.32537132362
738,2199,172927.06569457374
739,2200,159353.88806660663
740,2201,162696.70283418562
741,2202,198327.35498353286
742,2203,155721.0291321213
743,2204,179031.62797959262
744,2205,125050.30306341907
745,2206,153730.46783007128
746,2207,220639.48668936538
747,2208,260069.48580502003
748,2209,253404.190643086
749,2210,133654.01285045408
750,2211,118538.18842561104
751,2212,119588.156241421
752,2213,104569.15703402137
753,2214,136924.88324294492
754,2215,98798.81648858759
755,2216,157915.79511026523
756,2217,58821.16998070879
757,2218,87526.05270414773
758,2219,76225.02936720003
759,2220,65144.21858520754
760,2221,324063.6823696842
761,2222,295452.6648512434
762,2223,275220.4315760933
763,2224,206619.94166279508
764,2225,124345.15690883758
765,2226,193431.5263084271
766,2227,193249.8713800028
767,2228,270854.63360181334
768,2229,246758.40476053403
769,2230,147342.9858419175
770,2231,210361.70380699795
771,2232,181964.30132868758
772,2233,190613.60556930944
773,2234,248025.07058734063
774,2235,240517.08435406513
775,2236,247304.00301569887
776,2237,303136.42148040433
777,2238,192627.91086449017
778,2239,116119.0101554582
779,2240,171766.48960482527
780,2241,142115.58221955982
781,2242,129879.10716587128
782,2243,128637.87773606223
783,2244,109627.47572687145
784,2245,120355.03897118445
785,2246,139527.19456584824
786,2247,133248.72045342077
787,2248,129210.47191733474
788,2249,115782.5853051111
789,2250,124585.72360180294
790,2251,127673.95026063824
791,2252,189357.2899643111
792,2253,146496.5586842558
793,2254,179952.10150147206
794,2255,191364.16995157872
795,2256,171883.02273359004
796,2257,212143.15619344215
797,2258,153457.4431331066
798,2259,178799.07055256364
799,2260,161808.54317058748
800,2261,220068.84969236728
801,2262,240395.344759448
802,2263,371379.5124181262
803,2264,427481.42132751306
804,2265,182918.55411636768
805,2266,318540.1899040364
806,2267,373645.5240773713
807,2268,399598.68947966077
808,2269,155033.85400806784
809,2270,188261.08265896974
810,2271,219989.4452785093
811,2272,190875.8367618397
812,2273,163437.30986278842
813,2274,193476.84897087142
814,2275,160688.38887105475
815,2276,194241.3752439678
816,2277,182879.60574442215
817,2278,153560.4400454327
818,2279,130598.0330888721
819,2280,122443.63898993249
820,2281,153646.88753420144
821,2282,175465.87715271057
822,2283,104158.01862486164
823,2284,118504.71129924298
824,2285,144515.2821801283
825,2286,122562.72005739444
826,2287,365643.30462267756
827,2288,288875.69584404025
828,2289,340279.3983503495
829,2290,419091.08226868307
830,2291,336405.57719723386
831,2292,389026.0184892594
832,2293,430747.2994630312
833,2294,375861.2069716583
834,2295,419590.9286662153
835,2296,282688.52625833335
836,2297,363403.08056553424
837,2298,330739.6572075016
838,2299,332915.2507196182
839,2300,329277.0046629192
840,2301,321564.39661646227
841,2302,251735.1601664582
842,2303,242612.19335465645
843,2304,253002.5490988783
844,2305,212239.15186968158
845,2306,200479.1908971184
846,2307,198510.1063617882
847,2308,227063.38186818745
848,2309,292200.92856629257
849,2310,213645.42714161903
850,2311,210982.7665479789
851,2312,178696.44341789326
852,2313,164038.3058290432
853,2314,187557.10830606523
854,2315,183465.84326435038
855,2316,204275.66349388068
856,2317,192853.52877636423
857,2318,186616.37314032041
858,2319,188748.5702757326
859,2320,185959.43877634563
860,2321,231653.42790521684
861,2322,188883.31474639845
862,2323,190881.7982003374
863,2324,173226.4160846013
864,2325,210234.4392269594
865,2326,168066.8828906836
866,2327,201613.74586413597
867,2328,226386.945717276
868,2329,195534.83096687542
869,2330,187510.0248046888
870,2331,309736.73636289494
871,2332,369891.4739892106
872,2333,302973.10975043825
873,2334,252820.1711352238
874,2335,278705.4260455235
875,2336,298227.7425598192
876,2337,203862.07846131898
877,2338,259200.49335192793
878,2339,214359.55690045268
879,2340,375708.8158354847
880,2341,211754.44600961258
881,2342,229639.75814362592
882,2343,226810.52671800987
883,2344,218405.40158489166
884,2345,227966.07555222497
885,2346,220606.64874804873
886,2347,205647.58735148064
887,2348,245898.45774708854
888,2349,190211.07700158705
889,2350,314215.9115256048
890,2351,270023.8510658111
891,2352,237901.6242729958
892,2353,245027.9114084497
893,2354,158928.2303686387
894,2355,153551.87795401088
895,2356,149241.33620733622
896,2357,185065.56391695846
897,2358,195272.1349269012
898,2359,131873.80054058225
899,2360,117127.74066738794
900,2361,151461.55692557557
901,2362,260086.6893302612
902,2363,145801.9940927601
903,2364,168194.64014663376
904,2365,212481.22079432078
905,2366,194150.93179265643
906,2367,222955.04734621255
907,2368,238051.88072364853
908,2369,208873.21826019764
909,2370,171082.904560456
910,2371,172321.318306076
911,2372,197017.44518079882
912,2373,285701.0050184368
913,2374,310787.0425592854
914,2375,222871.2336625817
915,2376,274553.62356448965
916,2377,322838.0992795679
917,2378,139534.46987245587
918,2379,217784.37005739915
919,2380,135629.27544905286
920,2381,171031.55429595162
921,2382,197417.05346415023
922,2383,200528.35601226124
923,2384,240330.2856729617
924,2385,159342.7952811607
925,2386,131308.05054544745
926,2387,133937.15579594194
927,2388,100199.62954526178
928,2389,113957.98950149507
929,2390,146960.4291118119
930,2391,149994.8793039429
931,2392,111186.97864413922
932,2393,163198.4060685038
933,2394,146548.85152391897
934,2395,205434.32684711876
935,2396,141066.83055649354
936,2397,216147.61022630474
937,2398,126252.88883382776
938,2399,58929.00943733957
939,2400,54409.312960052106
940,2401,114778.93620269303
941,2402,130972.92002294167
942,2403,142796.31666221784
943,2404,147820.8208745633
944,2405,148116.34570042999
945,2406,137765.5725502125
946,2407,131427.44412930618
947,2408,148680.36154791596
948,2409,116600.2794787812
949,2410,175778.25473671648
950,2411,111246.36944975
951,2412,162341.67554743073
952,2413,128190.18946513445
953,2414,158088.0772106305
954,2415,129405.08991194064
955,2416,129752.03367096117
956,2417,121272.55282880145
957,2418,123833.13884099832
958,2419,124719.62552998413
959,2420,122555.87880950085
960,2421,155598.11768039913
961,2422,111829.64736127031
962,2423,113906.13196151839
963,2424,143176.90070746775
964,2425,229198.03998234295
965,2426,136613.6297605777
966,2427,133868.9273796622
967,2428,176432.8255756941
968,2429,101766.20187178372
969,2430,132501.22882898274
970,2431,107000.56305945676
971,2432,150195.63901361736
972,2433,147966.6681882071
973,2434,139131.1784396731
974,2435,165534.56511463528
975,2436,102733.58575105065
976,2437,92623.25072223632
977,2438,111348.03298103133
978,2439,98228.78043809242
979,2440,131051.62120149091
980,2441,98187.82045006046
981,2442,94980.22741447369
982,2443,131728.0136278883
983,2444,128259.77434010778
984,2445,82056.81154763792
985,2446,129058.5384492218
986,2447,182570.26627292795
987,2448,129268.44547083098
988,2449,119876.85750801596
989,2450,160237.02161692907
990,2451,115021.84307143454
991,2452,199569.82827896567
992,2453,93929.14046839203
993,2454,112467.06766926248
994,2455,115283.85429440546
995,2456,133839.53574199002
996,2457,129655.91128825174
997,2458,129787.39295364653
998,2459,98928.04532452697
999,2460,144620.49419163828
1000,2461,121716.26244963043
1001,2462,133562.40549085801
1002,2463,121738.0230492729
1003,2464,183070.84774127632
1004,2465,138904.07015539607
1005,2466,98458.93315698692
1006,2467,130509.64098337867
1007,2468,69501.27926872335
1008,2469,72895.14252489632
1009,2470,201561.55027031625
1010,2471,213896.56709933036
1011,2472,190146.06048788587
1012,2473,111846.4293351178
1013,2474,70958.45443466736
1014,2475,222057.29191992513
1015,2476,113962.87792313524
1016,2477,113767.67973012596
1017,2478,153286.7539384575
1018,2479,102954.14741062741
1019,2480,149497.81524200557
1020,2481,117922.75523972423
1021,2482,116074.9247256084
1022,2483,106403.84849181898
1023,2484,127177.08267564097
1024,2485,117242.26175593781
1025,2486,149752.14565009918
1026,2487,197631.38410690738
1027,2488,160238.1041277484
1028,2489,160351.784825404
1029,2490,134780.64063631254
1030,2491,95006.65084634419
1031,2492,181640.26397267974
1032,2493,150123.40770410805
1033,2494,161631.64803690912
1034,2495,84561.60519202637
1035,2496,229243.36682942466
1036,2497,165821.48768193135
1037,2498,103762.5278051028
1038,2499,81488.76551980298
1039,2500,107561.56139171295
1040,2501,137731.89471819033
1041,2502,151092.5760997794
1042,2503,97446.61587136492
1043,2504,200276.49505155633
1044,2505,223413.22817178722
1045,2506,244953.08652894627
1046,2507,270913.2691437956
1047,2508,245440.78671231263
1048,2509,214325.2236878516
1049,2510,212717.77502389043
1050,2511,174407.1825784623
1051,2512,213908.1194854526
1052,2513,216935.01592483014
1053,2514,249415.153006795
1054,2515,151644.90869584333
1055,2516,176013.06326955569
1056,2517,154886.52450862777
1057,2518,151111.07700340328
1058,2519,240655.933322981
1059,2520,217544.72123834206
1060,2521,186663.82146361732
1061,2522,224071.96319671016
1062,2523,116240.11145806985
1063,2524,134619.33930387834
1064,2525,142522.4013107628
1065,2526,147267.54675208672
1066,2527,116664.65108129739
1067,2528,124232.7802849794
1068,2529,148718.39401271543
1069,2530,128976.72410139165
1070,2531,256917.3522614847
1071,2532,225977.53524337153
1072,2533,197073.93811281328
1073,2534,223058.14734511555
1074,2535,279901.1115520537
1075,2536,228087.10561984676
1076,2537,244243.2750793494
1077,2538,186913.3397829149
1078,2539,192311.34277168318
1079,2540,182570.39754582144
1080,2541,175079.17125710662
1081,2542,159814.97397548554
1082,2543,129615.04800270803
1083,2544,124863.10310467704
1084,2545,137551.6839868233
1085,2546,130606.67091908658
1086,2547,146083.04777730152
1087,2548,167492.15372723888
1088,2549,164851.82363264408
1089,2550,662581.1582771165
1090,2551,144216.81156709552
1091,2552,127076.47711731507
1092,2553,65589.97568416479
1093,2554,87129.40305967134
1094,2555,111440.85227604752
1095,2556,96606.6033898078
1096,2557,100109.27436755784
1097,2558,187925.26225965825
1098,2559,149521.39459016832
1099,2560,158485.47716714797
1100,2561,160412.04507862398
1101,2562,156842.07670427568
1102,2563,160976.97513542144
1103,2564,194934.48924136302
1104,2565,146569.46753799537
1105,2566,171775.48744487553
1106,2567,145703.1711974712
1107,2568,220447.44466218326
1108,2569,224672.7418719871
1109,2570,126570.9278701377
1110,2571,197721.3780012217
1111,2572,164815.07385634337
1112,2573,232836.88226330228
1113,2574,285327.9459323585
1114,2575,136917.53351962246
1115,2576,127589.42494250728
1116,2577,161477.18925794715
1117,2578,77716.289792351
1118,2579,41928.84643760999
1119,2580,112576.27301337993
1120,2581,148769.966362325
1121,2582,134139.63687885937
1122,2583,272688.2211717017
1123,2584,175245.22737120994
1124,2585,185736.52274650714
1125,2586,223054.78864234494
1126,2587,203350.32350170903
1127,2588,136783.62259312178
1128,2589,145533.68879902072
1129,2590,204166.46065920134
1130,2591,215518.9968922249
1131,2592,211816.6005727968
1132,2593,253835.20154959103
1133,2594,180574.59386900326
1134,2595,222019.7900125099
1135,2596,271612.57187728235
1136,2597,201256.8350916729
1137,2598,273318.65092100005
1138,2599,324495.78819591395
1139,2600,208404.44577484147
1140,2601,146876.5928235558
1141,2602,77450.26501436728
1142,2603,98794.86740003145
1143,2604,93303.4714417205
1144,2605,72810.30957140685
1145,2606,143299.67967404996
1146,2607,221575.34445863738
1147,2608,209994.5568070938
1148,2609,164654.9639318843
1149,2610,110168.89681980989
1150,2611,145690.87278154359
1151,2612,151224.3421601942
1152,2613,126617.13042504303
1153,2614,115447.38060169038
1154,2615,159341.97456670995
1155,2616,146918.89855918338
1156,2617,203990.6207949524
1157,2618,238528.05770365123
1158,2619,202047.69193114954
1159,2620,195714.3162404485
1160,2621,172660.71581987143
1161,2622,188556.42871708338
1162,2623,226198.08211624518
1163,2624,276167.5970548385
1164,2625,288882.95622166235
1165,2626,169528.18699328986
1166,2627,186811.88324334542
1167,2628,428903.85411315947
1168,2629,457175.2854644518
1169,2630,371963.71219889633
1170,2631,431971.3917569618
1171,2632,388836.6830085108
1172,2633,311468.82424891077
1173,2634,396326.7080431378
1174,2635,160206.02707810287
1175,2636,180532.79817092925
1176,2637,210973.57474600454
1177,2638,266600.85230415716
1178,2639,181968.66573933559
1179,2640,154928.4828989255
1180,2641,96685.7581635447
1181,2642,182965.385194636
1182,2643,97964.77409827836
1183,2644,111575.81006514833
1184,2645,103892.39588523268
1185,2646,88608.78617437863
1186,2647,103824.2713380139
1187,2648,136412.79068179798
1188,2649,153401.99440961267
1189,2650,130301.40781589849
1190,2651,132967.3334125567
1191,2652,378614.2766035683
1192,2653,242460.8555603333
1193,2654,272275.996855414
1194,2655,372276.200403149
1195,2656,305670.6517201785
1196,2657,351627.16835229925
1197,2658,323762.12792936555
1198,2659,319209.03461569734
1199,2660,353556.1433844048
1200,2661,349889.6605432729
1201,2662,355599.3648556439
1202,2663,276826.63119769446
1203,2664,285312.8589009657
1204,2665,340101.2484261242
1205,2666,289036.68613555876
1206,2667,169874.21069513352
1207,2668,177952.4425188537
1208,2669,183795.65176551952
1209,2670,266018.9516684879
1210,2671,188012.38828375353
1211,2672,194127.13150055544
1212,2673,196445.974763137
1213,2674,193812.3015474616
1214,2675,181789.14147653346
1215,2676,186122.4609782268
1216,2677,199767.53610349883
1217,2678,249971.80311351
1218,2679,263110.3714652149
1219,2680,274412.44610538246
1220,2681,371846.30969407415
1221,2682,298971.6394028359
1222,2683,432270.8010085164
1223,2684,299759.1416692925
1224,2685,301512.8183260148
1225,2686,252073.74366412012
1226,2687,307543.6666498198
1227,2688,213032.72623351432
1228,2689,216369.7795856181
1229,2690,381072.5018901892
1230,2691,190841.38155510477
1231,2692,155130.45203832167
1232,2693,203029.13884249792
1233,2694,145791.37639701908
1234,2695,189475.39900169667
1235,2696,180322.54409404774
1236,2697,193426.65239406022
1237,2698,193511.52224485375
1238,2699,168493.9312551038
1239,2700,146908.00762017875
1240,2701,138925.26244892084
1241,2702,103957.37634173845
1242,2703,122218.64351343916
1243,2704,141402.49307281547
1244,2705,111732.74404723437
1245,2706,98288.75296747712
1246,2707,114983.83834026287
1247,2708,132443.74218215287
1248,2709,114595.15191057738
1249,2710,129524.73948942339
1250,2711,300242.89151999366
1251,2712,362694.1481504037
1252,2713,169312.8294302394
1253,2714,150594.90510669159
1254,2715,172033.94685209641
1255,2716,141011.6034729333
1256,2717,200033.59385387404
1257,2718,219893.64304957126
1258,2719,144124.4369494632
1259,2720,164382.0853400222
1260,2721,126940.64699514533
1261,2722,161151.06261880056
1262,2723,141341.28516565845
1263,2724,121703.36008786283
1264,2725,129267.76461015301
1265,2726,140383.71442271787
1266,2727,161260.7526909406
1267,2728,174984.7401254189
1268,2729,145515.30048446392
1269,2730,144880.6987139163
1270,2731,131417.97079326917
1271,2732,137154.72152051318
1272,2733,157818.23215287307
1273,2734,140331.262534244
1274,2735,136087.09866452916
1275,2736,136067.58617137378
1276,2737,115622.73600181121
1277,2738,130361.20261845322
1278,2739,154725.72585728503
1279,2740,136467.994315542
1280,2741,144791.2013507184
1281,2742,148039.92145148988
1282,2743,148106.91986714752
1283,2744,161277.74055043363
1284,2745,138924.31855996768
1285,2746,143030.8977375451
1286,2747,146212.03583244633
1287,2748,110734.40757101486
1288,2749,127384.77315440432
1289,2750,115830.88003090849
1290,2751,130601.38641479578
1291,2752,205758.72884011804
1292,2753,148317.32107573742
1293,2754,241635.806260248
1294,2755,138796.66331782716
1295,2756,87672.66018862274
1296,2757,59785.49042337625
1297,2758,78856.5455172244
1298,2759,161070.0016631279
1299,2760,128778.91407594239
1300,2761,137081.9210594109
1301,2762,146437.9059482342
1302,2763,188181.8426210297
1303,2764,152364.1118329842
1304,2765,276161.98093100346
1305,2766,131997.33215583191
1306,2767,80771.5342470155
1307,2768,130124.8166851731
1308,2769,141315.39576960192
1309,2770,142044.2823085229
1310,2771,96668.69989514121
1311,2772,103120.52764053653
1312,2773,162811.6542730368
1313,2774,152819.5272763376
1314,2775,123230.2824718549
1315,2776,140979.4294541972
1316,2777,141535.59610016417
1317,2778,118790.84343642918
1318,2779,115364.74210424958
1319,2780,100346.02782941338
1320,2781,93858.05514074153
1321,2782,90236.76335352425
1322,2783,90347.86087521186
1323,2784,114043.5377545046
1324,2785,132151.98271165497
1325,2786,49211.80117968994
1326,2787,125254.84946230223
1327,2788,56453.269377248886
1328,2789,180637.67642707413
1329,2790,93413.06514106155
1330,2791,110439.41073990996
1331,2792,63124.446712676
1332,2793,160877.64861426593
1333,2794,83678.21804234273
1334,2795,115869.21740219578
1335,2796,94005.60383536124
1336,2797,225910.44929366306
1337,2798,113545.3929605748
1338,2799,111524.06731797864
1339,2800,67792.89967239513
1340,2801,106779.08640385239
1341,2802,128464.56502454451
1342,2803,176633.34070364884
1343,2804,139766.2819805105
1344,2805,104408.40179912641
1345,2806,80263.77461560564
1346,2807,170060.01611319705
1347,2808,152618.5641830278
1348,2809,131232.80454924435
1349,2810,127181.3009508152
1350,2811,159752.1691954148
1351,2812,179756.2529646334
1352,2813,157662.1536235085
1353,2814,160042.93956213183
1354,2815,108875.30021952155
1355,2816,229903.22350248275
1356,2817,140527.77314602147
1357,2818,124077.93371862777
1358,2819,162386.7648080213
1359,2820,144699.56395209464
1360,2821,115471.1183957207
1361,2822,192944.53548384988
1362,2823,336536.2809568628
1363,2824,185817.85407743428
1364,2825,155150.7054057532
1365,2826,130365.0710059879
1366,2827,143698.56987388257
1367,2828,244294.80116414622
1368,2829,191568.53001102176
1369,2830,229429.07144843676
1370,2831,182312.39171324484
1371,2832,249252.46562104943
1372,2833,313141.7134789295
1373,2834,229871.52459526088
1374,2835,224421.10718497157
1375,2836,186966.89374408918
1376,2837,167447.0589264779
1377,2838,145325.74937164527
1378,2839,170877.1560129879
1379,2840,210008.88004612853
1380,2841,206293.90925053638
1381,2842,228497.2698570207
1382,2843,165488.91137764184
1383,2844,173283.053344738
1384,2845,125339.09096708985
1385,2846,212523.83098395128
1386,2847,213484.5368318571
1387,2848,217459.72400750866
1388,2849,200268.1686198396
1389,2850,264926.28510225867
1390,2851,209301.26128878535
1391,2852,227281.04306459668
1392,2853,234708.28489377952
1393,2854,138617.72304123265
1394,2855,202426.3351594505
1395,2856,207080.08306389954
1396,2857,186242.63525564747
1397,2858,216796.43099752162
1398,2859,94725.16131509158
1399,2860,130080.6518131184
1400,2861,133487.72392998997
1401,2862,191247.27779956558
1402,2863,143922.6117763996
1403,2864,258277.25635745606
1404,2865,151395.52008285
1405,2866,150615.69376469194
1406,2867,90571.27194236896
1407,2868,91241.80259620585
1408,2869,88845.06933079632
1409,2870,127402.2771669007
1410,2871,65597.4916825023
1411,2872,21117.86346016811
1412,2873,90242.28480603827
1413,2874,146870.05385688372
1414,2875,110466.80413244937
1415,2876,168498.79536198472
1416,2877,144961.75324145073
1417,2878,174016.66547721508
1418,2879,147348.01334608212
1419,2880,108344.25442479542
1420,2881,153901.8824976556
1421,2882,183531.2948838897
1422,2883,196444.41210585966
1423,2884,197448.5325870146
1424,2885,189134.66615653795
1425,2886,242012.14969629547
1426,2887,101369.77771400788
1427,2888,142624.76999250884
1428,2889,40818.882828240516
1429,2890,72324.32894186773
1430,2891,145513.66007239828
1431,2892,38916.924399942174
1432,2893,74388.46555397117
1433,2894,61712.027098133316
1434,2895,330142.43306397926
1435,2896,286815.18877427786
1436,2897,218306.68932243917
1437,2898,146177.19369731785
1438,2899,212683.61457527368
1439,2900,150504.15440533374
1440,2901,229194.33751835983
1441,2902,201143.17920771387
1442,2903,315424.6991940841
1443,2904,329498.8384717921
1444,2905,77148.48489129236
1445,2906,195953.25690860456
1446,2907,114095.42855238663
1447,2908,121249.62931581098
1448,2909,149510.63251996314
1449,2910,76104.57445515883
1450,2911,77435.50553852253
1451,2912,143364.7746527543
1452,2913,79001.06725524367
1453,2914,77015.67458463764
1454,2915,86698.17751867676
1455,2916,77981.53061052025
1456,2917,174500.63110062474
1457,2918,112515.9773508882
1458,2919,219284.58772754017
